20<-10->30
40<-20->50
.<-40->.
80<-50->90
.<-80->.
.<-90->.
60<-30->.
100<-60->-170
.<-100->.
110<--170->120
.<-110->.
.<-120->.
